0000000000000000000040000000030000000030000010000001000000000000100000000200021020000050000000600070
1000111110000000000010010001000000010100001010000101000000110100011010010000100101000001010110100000
1110000001000100000101000000011000001000000001011011001100000001011001100000100101011100000100101000
1000111110000000000010010001000000010100001010000101000000110100011010010101000101000011000111100000
0101000011000100010000000010000001110100000000101000000000011010011010011001000101000001010110100000
1110000011000000010100010000010001100000000011000011001100000000000101011001010000000100000100101000
1110000011000000010100010000010001100000000011000000000110000100011010011010010000000011101010111000
1110000001000100000101000000011000001000000010010011001100000001011001100101010001000000010010000011
0101000011000100010000000010000001110100000101000011001100000001011000001001000101000001010110100000
0101000011000100010000000010000001110100000101000011001100000000000101011001000101000000010010000011
1110000011000000010100010000010001100000000011000000000110000100011010011010010001000000010010000011
1000111110000000000010010001000000010100001010000101000000110100011010010101010000000011101010111000
1110001000010000010000000000101001100000011010001000000101110000011000110000010000000011101010111000
1110000011000000010100010000010001100000000011000000000110000100011010010101010001000000010010000011
0101000011000100010000000010000001110100000101000011001100000000000101011001001000101100000100101000
0100111000000001010010000000010001000110001010001000000101110000011010010000001000101011101010111000
1110000011000000010100010000010001100000000011000000000110000100011010011101000101000001010110100000
0101000011000100010000000010000001110100000101000011001100000000000101011001010000000011101010111000
0101000011000100010000000010000001110100000101000011001100000000000101011010010001000001010110100000
1110000011000000010100010000010001100000000011000011001100000001011001101101000101000011101010111000
1110000011000000010100010000010001100000000011000000000110000100011010011101010000000010000010100101
1110000011000000010100010000010001100000000011000000000110000100011010011000100101000011000111100000
0101000011000100010000000010000001110100000101000011001100000000000101011010000101000011000111100000
0101000011000100010000000010000001110100000101000011001100000001011000001001000101000100000100101000
0101000011000100010000000010000001110100000000101000000000011010011010011001000101101100000100101000
0101000011000100010000000010000001110100000101000011001100000000000101011001000101000001010110100000
1110000001000100000101000000011000001000000010010011001100000000011010011010010000000011101010111000
1110000001000100000101000000011000001000000010010011001100000001011001100101000101000010000100110111
1110000001000100000101000000011000001000000010010011001100000001011001101001001000101011100000000100
1110000001000100000101000000011000001100100010000100000010011001011001010000010000000011101010111000
1110000011000000010100010000010001100000000011000000000101110000100110001000000101000011000111100000
0100111000000001010010000000010001000110001010001000000101110000011010011001000101101100000100101000
0101000011000100010000000010000001110100000101000011001100000000000101011001010001000000010010000011
1110000001000100000101000000011000001100100000011000000010101000000110111010001000101100000100101000
1110000001000100000101000000011000001000000010010011001100000000011010011010010000000011101010111000
0101000011000100010000000010000001110100000101000011001100000000000101011001000101101100000100101000
0101000011000100010000000010000001110100000101000011001100000001011000001010010000000011101010111000
0101000011000100010000000010000001110100000000101000000000011010011010010101010001000000010010000011
0101000011000100010000000010000001110100000101000011001100000000000101011010000101000010000100110111
0101000011000100010000000010000001110100000101000011001100000000000101011001010001000000010010000011
1110000011000000010100010000010001100000000011000000000110000100011010011010000101000100000100101000
1110000001000100000101000000011000001100100000011000000110000100011010011010010000000011101010111000
1110000001000100000101000000011000001000000010010011001100000001011001100000100101000001010110100000
1110000011000000010100010000010001100000000011000000000110000100011010010000100101000001010110100000
1110000001000100000101000000011000001000000010010011001100000001011001100000100101000000010010000011
1110000001000100000101000000011000001100100010000100000010011001011001010000010000000011000111100000
1110000001000100000101000000011000001000000010010010101100000110011010010011010000000011101010111000
0101000011000100010000000010000001110100000000101000000000011010011010010011010000000011101010111000
0101000011000100010000000010000001110100000101000011001100000000000101011001010000000011101010111000
0101000011000100010000000010000001110100000101000011001100000000000101011101010000000011101010111000
0101000011000100010000000010000001110100000101000011001100000001011000001010010000000011101010111000
1110000011000000010100010000010001100000000011000000000110000100011010011000110000000011101010111000
0000010010001001010101000000011000001000000011011001000000110100011010010101010000000011101010111000
1110000011000000010100010000010001100000000011000000000110000100011010011000100101000011000111100000
1110001000010000010000000000101001100000011010001000000101110000011010011101000101101000010000100110
1110000001000100000101000000011000001100100000011000000110000100011010011010000101000011000111100000
1110000001000100000101000000011000001000000010010011001100000001011001101000110000000011000111100000
1110000011000000010100010000010001100000000011000000000101110000100110001001000101000011101010111000
1110000001000100000101000000011000001100100010000100000010011001011001010000100101101011000111100000
1110000001000100000101000000011000001100100010000100000010011001011001010000000101101011000111100000
0100111000000001010010000000010001000110001010001000000101110000011010011101000101000011000111100000
0101000011000100010000000010000001110100000000101101000000110100011010011010000101000100000100101000
1110000001000100000101000000011000001000000001011011001100000001011001100000100101101001100110100000
1110000011000000010100010000010001100000000011000000000101110000100110000000100101000001010110100000
0000010010001001010101000000011000001000000011011001000000110100011010010101000101101100000100101000
1110000011000000010100010000010001100000000011000000000110000100000110111001010000000000010000100110
0100111000000001010010000000010001000110001010001000000101110000011010011101010000000011101010111000
1000111110000000000010010001000000010100001010000101000000110100011010011000100101000011000111100000
1110000011000000010100010000010001100000000011000000000101110000100110001101000101000001100110100000
1110000001000100000101000000011000001100100000011000010000101010000000000000100101011011100000000100
1110000001000100000101000000011000001000000010010000000010101001000110011001001000101011100000000100
1000111110000000000010010001000000010100001010000101000000110100011010011000101100100000010000100110
0100111000000001010010000000010001000110001010001000000101110000011010011101010001000001100110100000
1110000001000100000101000000011000001000000010010011001100000001011001100000100101011011000111100000
0101000011000100010000000010000001110100000101000011001100000000000101011010000101000011100000000100
1110001000010000010000000000101001100000011010001000000101110000011010011101000101000011000111100000
1110000011000000010100010000010001100000000011000000000110000100000110111001010000000000101100000101
0101000011000100010000000010000001110100000101000011001100000001011000001010000101000011000111100000
1110000001000100000101000000011000001100100000011000000110100000001000011001001001000100000100101000
1110000001000100000101000000011000001000000010010011001100000001011001101000100101101000010010000011
0100111000000001010010000000010001000110001010001000000101110000011010011101100101000011000111100000
0101000011000100010100010000010001100000000010000110000000000011000110011101000101000011000111100000
0100111000000001010010000000010001000110001010001000000101110000011010011101000101000011000111100000
0000010010001001010101000000011000001000000011011001000000110100011010010101001000101011000111100000
1110000001000100000101000000011000001000000001011011001100000001011001100000110000000000101100000101
0101000011000100010100010000010001100000000010000110000000000011000110011010010001000001100110100000
1110000011000000010100010000010001100000000011000000000110000100011010011101000101000010000100110111
1110000011000000010100010000010001100000000011000000000101110000100110001001000101000011000111100000
0101000011000100010000000010000001110100000101000011001100000001011000001010000101000100000100101000
0100111000000001010010000000010001000110001010001000000101110000011010011101000101000011000111100000
0101000011000100010000000010000001110100000101000000000010101000000010011000100101000100000100101000
1110000001000100000101000000011000001000000010010011001100000001011001101000100101000100000100101000
1110000001000100000101000000011000001000000001011000000110100000001000011000101100100000010000100110
1110000011000000010100010000010001100000000011000000000110000100011010011010010000000011000111100000
1110000001000100000101000000011000001100100010000100000010011001011001010000000101101001010110100000
1110000011000000010100010000010001100000000011000000000110000100011010011010000101000011000111100000
0101000011000100010000000010000001110100000101000000000010101000000010010011010000000000101100000101
0101000011000100010000000010000001110100000101000000000010101000000010011001000101101011100000000100
1000111110000000000010010001000000010100001010000101000000110100011010010011000101101011000111100000
0101000011000100010000000010000001110100000000101101000000110100011010011010000101000011000111100000
1000111110000000000010010001000000010100001010000101000000110100011010010011000101000010000100110111
